0000000000000000000000000000000000000000
0000000000000000000000000000000000000000
0000000000000000000000000000000000000000
0000000000000000000000000000000000000000
0000000000000000000000000000000000000000
0000000000000000000000000000000000000000
0000000000000000000000000000000000000000
0000000000000000000000000000000000000000
0000000000000000000000000000000000000000
0000000000000000000000000000000000000000
0000000000000000000000000000000000000000
0000000000000000000000000000000000000000
0000000000000000000000000000000000000000
0000000000000000000000000000000000000000
00ccccccccccccccccccccc00000000000000000
0r00000000000000000000000000000000000000
0r00000000000000000000000000000000000000
0r00000000000000000000000000000000000000
0r00000000p0000000000000000e00b000000000
frffffffffffffff0000ffffffffffffffffffff
0000000000000000000000000000000000000000
0000000000000000000000000000000000000000