0000000000000000000000000000000000000000
0000000000000000000000000000000000000000
0000000000000000000000000000000000000000
0000000000000000000000000000000000000000
0000000000000000000000000000000000000000
0000000000000000000000000000000000000000
0000000000000000000000000000000000000000
0000000000000000000000000000000000000000
0000000000000000000000000000000000000000
0000000000000000000000000000000000000000
0000000000000000000000000000000000000000
0000000000000000000000000000000000000000
0000000000000000000000000000000000000000
0000000000000000000000000000000000000000
00ccccccccccccccccccccc00000000000000000
0r000000000000000000l00r0000000000000000
0r0000000000000f0000l00r0000000000000000
0r000000000000f00000l00r0000000000000000
0r00000000p00f000000l00r000e00e000e00000
frffffffffffffff0000lffrffffffffffffffff
0000000000000000000000000000000000000000
0000000000000000000000000000000000000000